Paired t-test GradientBoosting vs RandomForest:
 t = -1.248743
 p = 2.128568e-01
 mean_abs_err_diff = -150.479163
